15
95 5308 12281 1132 0 800 44777 392 5014 2135 8224 7737 3 187 33 
17
11946 6561 12049 3 0 55 14362 160 12281 3 0 6080 12495 0 2249 3 28 
12
324 117 3192 3 1485 947 55 6459 453 1358 1644 28 
10
0 1480 20211 149 940 3 0 55 14362 28 
10
3205 7633 240 0 10997 2228 2855 453 1358 33 
8
6355 8201 940 3 14901 95 472 28 
10
4593 12049 0 6080 12495 0 0 7839 14362 33 
2
38811 28 
7
2931 401 5746 3 209 4578 28 
13
13942 171 1013 291 731 10009 10846 0 0 10932 7836 0 28 
10
139 3 983 886 546 0 6953 291 78 28 
10
182 169 74 4578 29480 3151 3826 3 3211 33 
3
1088 7682 28 
15
567 3 2008 3 2162 160 0 968 1809 885 0 0 117 442 28 
12
392 75 3 401 0 7483 358 1180 4733 528 0 33 
3
445 4578 28 
23
1355 10009 2248 2438 18 33817 2438 18 3396 4480 18 12036 0 6908 169 1069 546 117 401 0 3 2644 28 
9
2239 1997 4578 29480 510 417 42331 8751 28 
10
249 74 75 3 401 0 885 0 1641 33 
17
3273 171 2454 188 731 3396 4480 45 26328 643 597 1997 4578 3274 153 0 28 
8
249 3119 240 82 1088 74 2392 28 
10
75 3 401 0 3 18200 885 0 561 33 
