22
87 339 508 83 523 347 3873 523 139 2661 83 12 497 448 1851 1133 1462 889 16 98 1016 1783 
27
974 791 1827 958 2011 16 3873 523 86 269 183 14 83 523 16 185 338 634 108 59 680 366 6 7 448 16 1566 
16
63 100 140 16 564 1113 452 453 86 1827 2195 816 83 656 2 1566 
15
922 83 523 365 542 144 416 417 16 3873 1271 86 269 183 1566 
14
20 173 725 420 478 3873 523 875 479 106 0 816 83 1783 
12
729 412 2162 416 417 16 176 523 87 95 96 1566 
17
922 958 2011 185 338 634 108 59 680 366 898 348 958 2011 269 183 1783 
3
470 72 1566 
10
405 76 634 384 16 871 957 74 80 1566 
22
1170 569 31 1 21 538 263 198 796 778 444 3 110 769 1411 913 1562 2089 350 696 88 1566 
13
78 16 21 538 1318 198 430 1038 1155 1106 538 194 1566 
15
91 411 128 6 74 80 2937 1410 37 229 815 16 996 215 1783 
4
334 556 569 1566 
24
215 115 16 2035 603 8 16 369 157 14 438 430 113 399 556 433 191 337 80 217 100 715 22 1566 
18
12 451 277 16 634 384 74 80 0 146 51 769 125 1469 58 20 641 1783 
5
436 56 74 80 1566 
34
55 796 778 261 87 288 138 472 1444 288 138 337 80 1050 103 138 1162 315 402 37 37 128 628 507 198 100 634 384 74 80 16 170 552 1566 
15
201 202 91 56 74 80 2937 146 1026 1026 215 58 659 1047 1566 
14
235 6 451 277 16 634 384 74 80 433 191 182 752 1783 
29
653 715 31 1 614 202 300 263 198 337 80 1050 103 115 971 1891 298 941 626 91 56 74 80 293 4 5 4249 694 1566 
10
235 163 478 20 334 6 32 22 490 1566 
15
451 277 16 634 384 74 80 16 257 508 433 191 445 769 1783 
