 138
 1783
 1865
 1565
 923
 30
 34
 1782
 1568
 3333
 3334
 443
 449
 1842
 1843
 3384
 3048
 4149
 2976
 2936
 2259
 2975
 4082
 3517
 3516
 2652
 2651
 3236
 3235
 1567
 1834
 457
 461
 3876
 3226
 1566
 2256
 1830
 1646
 1826
 1835
 1819
 1820
 1832
 1828
 1825
 1833
 1829
 1836
 1789
 2233
 3155
 1236
 1698
 804
 1237
 2978
 2138
 2399
 1846
 2327
 2318
 1984
 2398
 3538
 2400
 1983
 1699
 2760
 3389
 2729
 805
 3670
 2959
 3692
 806
 3752
 2556
 2557
 2319
 3491
 2323
 3582
 2317
 3490
 2514
 2328
 2316
 2512
 3492
 2324
 2321
 3489
 2320
 3025
 2322
 3024
 2513
 3825
 4143
 3593
 3488
 3728
 3583
 3585
 3584
 3586
 579
 1046
 3462
 1224
 2393
 3990
 247
 2382
 3144
 212
 2685
 518
 903
 1676
 2772
 452
 1622
 1033
 1952
 1629
 3636
 124
 2738
 1358
 4070
 3157
 3349
 1505
 4019
 1543
 1723
 1909
 3297
 3769
 428
 926
 1800
 2206
 308
 1353
 4021
 908
 142
 2783
 1159
 2833
 2560
 718
 175
 1893
 639
 1096
 1436
 2115
 2467
 1173
 291
 3010
 238
 2593
 1060
 558
 1373
 3154
 799
 2451
 1109
 784
 3130
 2408
 635
 2376
 1732
 1946
 1525
 3183
 3243
 3596
 2180
 4311
 1424
 607
 2594
 2855
 978
 3330
 365
 2334
 963
 913
 993
 818
 756
 846
 3614
 2558
 2331
 1662
 1285
 3802
 1134
 227
 1064
 2965
 1319
 3718
 331
 2884
 3799
 139
 1527
 1855
 178
 2453
 1687
 3955
 3278
 2480
 3422
 1446
 1076
 556
 2535
 836
 1737
 2424
 3939
 1513
 3768
 1083
 2106
 3428
 1625
 4169
 1549
 322
 1243
 1936
 1298
 532
 4194
 2534
 957
 1592
 2609
 1082
 293
 382
 2392
 1560
 4307
 1150
 907
 4067
 996
 3975
 2007
 241
 3580
 3546
 3008
 1659
 2018
 1493
 3761
 861
 1644
 3648
 4072
 3046
 2842
 2737
 214
 120
 2169
 3717
 948
 1852
 2812
 2199
 1906
 1721
 1357
 3697
 4128
 2291
 3473
 2911
 1429
 3840
 2404
 2818
 2481
 1778
 2384
 1416
 900
 3208
 20
 281
 752
 4133
 8
 3434
 1599
 1187
 1421
 1498
 146
 877
 4178
 1381
 1126
 1799
 168
 3113
 1490
 1049
 3224
 278
 2580
 1701
 1968
 2922
 3080
 3267
 1012
 1947
 1964
 3261
 2038
 705
 3979
 1171
 1999
 1227
 1385
 1469
 3923
 1594
 1769
 2009
 1374
 1107
 489
 3264
 1151
 2501
 1453
 966
 2849
 3529
 3827
 3634
 1229
 3092
 74
 2364
 2850
 2788
 3603
 380
 1615
 2
 403
 1127
 2119
 329
 1817
 604
 723
 884
 1119
 1312
 271
 1407
 2348
 1818
 1924
 2890
 2208
 193
 2520
 1974
 3985
 1294
 3824
 3865
 1838
 2214
 2489
 2113
 3028
 1361
 918
 2934
 593
 777
 651
 588
 3219
 62
 1614
 2572
 464
 2043
 467
 1694
 606
 3780
 1068
 3839
 473
 2276
 972
 4131
 2261
 2935
 3532
 1067
 869
 3368
 2457
 2037
 2252
 3139
 2695
 3328
 516
 814
 2674
 77
 2715
 1315
 2636
 3203
 4266
 3055
 702
 1168
 3887
 3140
 3951
 3793
 2867
 1439
 58
 3204
 2575
 4267
 2345
 659
 3439
 112
 1221
| 4137
 406
 1864
 3086
 134
 414
 3252
 2396
 474
 2712
 186
 1366
 3548
 1742
 3698
 1437
 3143
 1628
 1460
 1045
 661
 3084
 2326
 2130
 1773
 39
 3738
 2402
 3108
 4029
 2694
 1154
 1347
 2493
 2361
 2960
 3669
 1097
 2388
 3262
 1268
 470
 1948
 2436
 580
 1486
 3022
 2713
 2375
 55
 2264
 2941
 1963
 4058
 3014
 1400
 3911
 4196
 1921
 3722
 3460
 1705
 1280
 2933
 2887
 798
 114
 2194
 2913
 2171
 879
 1379
 2611
 234
 2301
 1318
 1328
 4209
 295
 32
 1032
 1447
 670
 592
 1073
 216
 1240
 876
 1497
 1265
 3242
 787
 1392
 2142
 199
 1806
 1352
 1504
 2775
 235
 2741
 1734
 1794
 105
 2591
 223
 801
 71
 1755
 1770
 1445
 3526
 2956
 694
 2210
 3592
 497
 198
 2443
 3794
 184
 2661
 2044
 23
 16
 3514
 1261
 958
 469
 2809
 2271
 1883
 1088
 1039
 2140
 2033
 1099
 3569
 3700
 3925
 3251
 1588
 856
 85
 3192
 1177
 817
 522
 1696
 2979
 3498
 4171
 1235
 270
 1487
 1480
 634
 2984
 1562
 573
 2173
 3126
 2646
 1256
 1604
 3233
 3288
 1462
 962
 2786
 964
 2567
 3065
 826
 3606
 3549
 2254
 874
 1642
 927
 1251
 2289
 2555
 3816
 352
 899
 1688
 920
 1695
 3075
 543
 53
 2925
 1881
 2389
 1399
 1253
 1596
 1165
 3280
 2841
 3581
 128
 897
 2177
 3095
 121
 734
 2237
 2102
 3135
 2073
 3805
 2452
 465
 1762
 4257
 737
 1116
 1372
 862
 912
 4134
 1296
 3039
 204
 321
 2585
 1847
 1747
 2879
 1192
 3733
 4232
 893
 22
 1740
 1943
 3544
 1317
 4212
 2700
 2747
 2710
 3301
 2241
 1815
 4000
 2645
 3340
 3136
 2407
 3537
 1274
 2374
 12
 388
 938
 259
 3002
 1178
 289
 2659
 1094
 498
 3082
 131
 4202
 2344
 1641
 1981
 3072
 3078
 1133
 1123
 1458
 244
 973
 1442
 1432
 613
 1340
 905
 1925
 1992
 288
 2951
 841
 248
 2529
 1466
 1201
 1148
 445
 1406
 1040
 2717
 1516
 1775
 2870
 3969
 2634
 111
 3710
 398
 2982
 3819
 1718
 280
 2186
 2832
 3088
 3347
 1215
 344
 680
 3742
 2915
 1776
 546
 1434
 2640
 3081
 513
 837
 363
 1765
 3371
 1788
 2430
 1476
 741
 525
 2087
 2024
 760
 1008
 2683
 2312
 4247
 2658
 2801
 3285
 1634
 3609
 1483
 2242
 2104
 147
 1774
 2912
 1795
 1063
 3383
 2219
 2419
 2541
 3316
 2351
 2635
 703
 2042
 1878
 28
 1982
 1980
 985
 1709
 410
 2827
 476
 780
 1061
 547
 483
 1752
 2415
 1621
 2405
 3149
 374
 348
 2235
 3798
 2134
 3099
 155
 1108
 1962
 3560
 3397
 2670
 1461
 97
 2774
 196
 2608
 2643
 1026
 969
 3303
 3259
 1295
 222
 1857
 3401
 3787
 78
 2178
 4213
 1509
 425
 1728
 2257
 137
 657
 722
 1537
 2461
 2426
 3977
 4208
 435
 349
 1726
 1440
 4248
 3033
 1854
 4290
 56
 551
 479
 891
 130
 84
 19
 4253
 3128
 3957
 1430
 338
 571
 1115
 3272
 4032
 1084
 3120
 395
 2795
 2496
 2660
 3695
 3006
 158
 73
 3158
 2354
 1809
 3372
 3027
 4006
 622
 1289
 1104
 1733
 3558
 3834
 2505
 1591
 1365
 2464
 982
 669
 1348
 1519
 679
 944
 1266
 1470
 3597
 2858
 2299
 1506
 2059
 1124
 1746
 3556
 1754
 1286
 3711
 118
 132
 668
 313
 542
 1907
 2333
 1619
 1053
 1293
 710
 959
 3290
 3176
 1035
 3515
 3598
 848
 3974
 3852
 1139
 2440
 3305
 2504
 2337
 1675
 1000
 1853
 3032
 1304
 2765
 277
 642
 3004
 135
 2017
 3361
 230
 41
 3613
 3666
 1037
 2072
 4115
 3429
 1801
 2369
 1496
 1609
 361
 1205
 576
 1692
 3391
 2125
 3296
 1937
 1760
 2503
 3374
 2217
 1763
 1920
 2828
 1849
 2307
 1391
 811
 4193
 144
 1368
 1271
 2215
 986
 1535
 1738
 1482
 3506
 86
 611
 610
 1255
 3954
 1526
 1627
 3399
 785
 2386
 2561
 312
 304
 224
 2315
 2050
 1075
 3541
 2255
 1767
 2973
 2098
 827
 3000
 3161
 2632
 1797
 597
 1610
 832
 1950
 2626
 847
 1449
 1210
 166
 298
 652
 1017
 494
 2132
 4186
 3499
 2148
 3703
 2815
 1648
 590
 2330
 667
 2450
 605
 400
 1808
 523
 42
 3148
 1533
 2406
 1468
 1146
 217
 195
 1959
 2095
 412
 2837
 1302
 243
 850
 2872
 233
 2655
 482
 531
 2425
 3910
 2001
 4090
 4240
 383
 285
 1780
 287
 3188
 1435
 2088
 4107
 566
 3310
 3495
 3250
 2111
 1287
 565
 934
 596
 439
 2355
 1283
 886
 3295
 1761
 1731
 1547
 2991
 300
 4179
 2139
 3850
 3888
 2544
 4256
 1019
 1534
 1195
 864
 1208
 929
 5
 145
 15
 881
 653
 803
 2677
 689
 675
 296
 2740
 405
 621
 2742
 2395
 342
 3838
 2675
 3187
 305
 188
 740
 2060
 237
 3640
 2146
 319
 3266
 2961
 2763
 609
 649
 267
 279
 1620
 690
 4258
 648
 1222
 438
 1341
 417
 2905
 219
 2108
 2193
 4161
 2630
 1706
 3563
 501
 2537
 359
 930
 872
 1029
 2047
 376
 3638
 828
 553
 2917
 2325
 1495
 148
 654
 3503
 3273
 1690
 3097
 797
 3036
 170
 1276
 618
 2359
 2126
 896
 563
 1378
 3935
 650
 1684
 1716
 1524
 995
 3641
 2352
 1840
 2229
 2776
 3561
 3230
 221
 1766
 2305
 1637
 2390
 686
 1321
 1655
 275
 256
 1935
 711
 998
 218
 3221
 4261
 37
 2027
 3575
 407
 2702
 2972
 478
 2566
 1507
 1069
 3163
 1489
 197
 2342
 2207
 169
 3215
 3223
 2204
 1363
 1714
 572
 2003
 2213
 1542
 2163
 2145
 3153
 4170
 3522
 574
 1209
 2223
 1329
 2183
 3781
 9
 3652
 1736
 1238
 387
 3283
 2590
 133
 1929
 2773
 942
 783
 1810
 3070
 1103
 3559
 70
 1727
 3795
 2360
 2338
 447
 444
 677
 1001
 3181
 358
 875
 1889
 3289
 2083
 2588
 1467
 1814
 377
 127
 979
 2373
 317
 2250
 1044
 1485
 60
 1665
 1161
 328
 2864
 528
 502
 2349
 4085
 3736
 790
 887
 1805
 1166
 595
 191
 1563
 1364
 754
 2698
 36
 751
 1111
 1388
 1292
 3809
 4306
 968
 384
 1600
 3572
 3254
 1314
 492
 1725
 3419
 4254
 559
 4028
 1807
 632
 577
 937
 4269
 3562
 3667
 200
 3037
 4088
 2531
 3511
 4292
 535
 4300
 821
 421
 3929
 1404
 57
 3463
 1768
 645
 762
 1503
 122
 1342
 2903
 2605
 2035
 488
 663
 1183
 807
 975
 3291
 3171
 2705
 1455
 860
 3912
 3944
 1334
 3170
 4295
 45
 504
 1185
 413
 1206
 1613
 3854
 637
 3159
 2080
 3114
 2861
 3647
 2633
 3142
 2716
 1656
 769
 1248
 3855
 2118
 1544
 2185
 1790
 1859
 1338
 2989
 263
 984
 3068
 2779
 2197
 246
 2967
 2860
 1383
 2964
 3830
 426
 1339
 1403
 3324
 960
 3519
 102
 10
 2444
 4062
 21
 1275
 1122
 858
 770
 947
 1332
 2891
 2769
 3576
 2248
 915
 1426
 736
 682
 4180
 617
 906
 2569
 2564
 1282
 3712
 726
 2081
 1331
 2862
 1582
 1654
 1320
 3978
 1561
 2437
 683
 1225
 976
 3455
 2804
 755
 3611
 1671
 4011
 2921
 1016
 698
 1689
 4089
 3398
 3345
 2246
 685
 1322
 3337
 1585
 1898
 49
 748
 1905
 1034
 3156
 1043
 2739
 1308
 427
 2577
 2727
 1679
 1250
 1922
 160
 1200
 2128
 3658
 1624
 2280
 2459
 3907
 1884
 2277
 2880
 1438
 2154
 3260
 1702
 2744
 3437
 1930
 2339
 3405
 1233
 1528
 2997
 505
 1092
 239
 3941
 3550
 2378
 3331
 2974
 603
 758
 2778
 3350
 164
 3194
 3547
 3367
 245
 712
 2205
 3555
 362
 2780
 2819
 2198
 1114
 3886
 626
 3311
 185
 1993
 206
 3012
 480
 3207
 3217
 2069
 3138
 773
 514
 983
 192
 180
 1170
 408
 2025
 3009
 3029
 409
 2170
 2435
 1484
 1279
 2857
 48
 3091
 1472
 2525
 2847
 3246
 1189
 2937
 2253
 970
 728
 1070
 1553
 1278
 3818
 809
 101
 1735
 508
 933
 2548
 1522
 2689
 1414
 3685
 3090
 1901
 4249
 100
 4214
 4073
 965
 919
 2057
 386
 2179
 3496
 2665
 608
 3098
 2886
 353
 2460
 4125
 307
 3959
 2820
 3512
 2851
 2005
 3440
 1014
 1188
 3342
 3467
 3201
 434
 2909
 855
 496
 820
 526
 109
 4287
 104
 2417
 303
 1796
 310
 684
 2475
 1841
 988
 3105
 2487
 3628
¡ 1912
¢ 2414
£ 2589
¤ 3282
¥ 1309
¦ 4165
§ 2381
© 2168
ª 3013
« 2726
¬ 2363
­ 4084
® 786
¯ 1305
² 2105
³ 2356
´ 1866
µ 2266
¶ 2068
· 203
¸ 2046
¹ 2873
» 537
¼ 485
½ 2011
¾ 2854
¿ 4282
 2813
 3077
 2270
 795
 2874
 2244
 2898
 1384
 3615
 1351
 1142
 2281
 591
 2650
 3810
 3476
 2938
 949
 2293
 1360
 521
 2980
 4074
 3623
 3678
 1007
 2793
 2830
 2236
 2218
 3409
 3206
 883
 1975
 2528
 2195
 1313
 2581
 2157
 183
 4224
 332
 1249
 772
 294
 2008
 691
 50
 630
 575
 2124
 2687
 3133
 3971
 517
 2052
 2730
 2182
 2225
â 3205
ã 1370
ä 1882
å 1443
æ 2265
ç 4025
è 2055
é 2084
ê 2268
ë 2056
ì 892
î 3706
ï 2368
ð 1420
ñ 1349
ò 1868
ó 1128
ô 153
õ 3988
ö 3096
÷ 1991
ø 3620
ù 695
ú 1862
û 129
ü 1055
ý 1203
þ 3688
ÿ 44
 550
 2538
 3880
 3056
 2746
 390
 1362
 1
 2999
 1345
 1910
 3375
 1052
 1998
 2844
 2387
 2681
 1409
 3510
 2599
 1652
 1510
 2096
 3621
 1685
 269
 1145
 2540
 2511
 3408
 1011
 775
 3716
 2983
 254
 1886
 1213
 3657
 3354
 1369
 2627
 1593
 1784
 65
 4275
 2010
 4009
 3253
 174
 3222
 1717
 2701
 27
 578
 2612
 2041
ġ 1465
Ģ 3557
ģ 1036
Ĥ 2808
ĥ 727
Ħ 2958
ħ 1938
Ĩ 2523
ĩ 1006
Ī 1786
ī 1979
Ĭ 1164
ĭ 2766
Į 286
į 360
İ 2894
ı 1394
Ĳ 2662
ĳ 302
Ĵ 4304
ĵ 2781
Ķ 2506
ķ 1570
ĸ 477
Ĺ 1558
ĺ 3919
Ļ 782
ļ 3525
Ľ 3101
ľ 616
Ŀ 276
 3758
 1095
 3023
 1077
 909
 2013
 3637
 163
 3202
 1330
 1390
 2332
 1402
 1602
 1079
 1051
 509
 2673
 1666
 831
 2610
 1310
 4030
 151
 1336
 890
 3436
 257
 3908
 2341
 2807
 468
 2309
 2370
 140
 2953
 2968
 1529
 3601
 430
 3005
 4172
 554
 1098
 2923
 1022
 2950
 2167
 3472
 3661
 3327
 290
 888
 1193
š 2831
Ţ 4106
ţ 1101
Ť 2166
ť 1700
Ŧ 1900
ŧ 4042
Ũ 2078
ũ 1130
Ū 1457
ū 1677
Ŭ 830
ŭ 2294
Ů 471
ů 747
Ű 1940
ű 3602
Ų 2931
ų 2048
Ŵ 3020
ŵ 1267
Ŷ 4310
ŷ 1908
Ÿ 4121
Ź 3776
Ż 3339
ż 258
Ž 4024
ſ 3402
 854
 3191
 320
 2929
 1198
 265
 699
 2094
 4069
 1306
 512
 2723
 1897
 3868
 2549
 1867
 1401
 1953
 3363
 3087
 274
 2952
 2411
 3431
 3325
 2120
 3501
 2239
 1375
 3094
 808
 4293
 2871
 1091
 932
 2638
 3319
 2135
 1861
 3654
 3115
 1683
 4068
 2722
 2077
 167
 4044
 2918
 560
 2981
 1473
 437
 4148
 3898
 336
 2188
 759
 2928
 3694
ơ 3066
Ƣ 1674
ƣ 2883
Ƥ 1260
ƥ 2733
Ƨ 2353
ƨ 3842
ƪ 1181
ƫ 1708
Ƭ 440
ƭ 768
Ʈ 2086
Ư 1131
ư 3477
Ʊ 272
Ʋ 3676
ƴ 1356
Ƶ 1851
ƶ 732
Ʒ 633
Ƹ 1772
ƹ 3362
ƺ 2641
ƻ 2582
Ƽ 3356
ƽ 472
ƾ 953
ƿ 2143
 463
 2488
 1300
 2728
 1970
 2449
 1354
 1932
 354
 4167
 2358
 1973
 1138
 1749
 2805
 1750
 2607
 3216
 1532
 2371
 1149
 1803
 2161
 2992
 3448
 404
 742
 2466
 2592
 1074
 1811
 1645
 1398
 4160
 29
 3276
 1002
 735
 2304
 2732
 3218
 462
 833
 2750
 2708
 1918
 182
 2532
 3625
 678
 1211
 2438
 2421
 1479
 916
 3275
 1009
 567
 2896
 4223
ǡ 2026
Ǣ 3632
ǣ 1931
Ǧ 2508
ǧ 1155
Ǩ 1247
ǩ 1903
ǫ 1389
Ǭ 1584
ǭ 3360
Ǯ 555
ǯ 3318
ǰ 113
Ǳ 1087
ǲ 1839
ǳ 2704
Ǵ 3116
ǵ 3987
Ƕ 3231
Ƿ 763
Ǹ 781
ǹ 1729
Ǻ 3924
ǻ 1477
ǽ 1080
ǿ 557
 154
 3673
 3165
 2465
 1277
 1590
 2306
 1454
 2156
 4017
 3124
 1572
 3122
 3040
 1635
 894
 954
 4018
 2071
 2637
 612
 515
 2190
 1564
 1179
 2791
 1021
 3123
 3508
 429
 725
 2403
 2100
 2969
 1220
 2816
 3635
 98
 2825
 922
 2022
 2212
 641
 1025
 3100
 3277
 368
 955
 3962
 3659
 1246
 284
 1269
 1112
 731
 2232
 1888
ȡ 345
Ȣ 2559
Ȥ 1176
ȥ 110
Ȧ 1961
Ȩ 423
Ȫ 713
ȫ 453
Ȭ 3338
ȭ 1956
Ȯ 3528
ȯ 3321
Ȱ 1428
ȱ 475
ȳ 3753
ȴ 392
ȵ 2470
ȶ 3054
ȷ 25
ȸ 1219
ȹ 2340
Ⱥ 895
Ȼ 202
ȼ 2031
Ƚ 2642
Ⱦ 2234
ȿ 3877
 2147
 3984
 1056
 209
 666
 2245
 1419
 673
 149
 2153
 0
 486
 2949
 355
 226
 3240
 3618
 99
 1066
 701
 3312
 3166
 719
 378
 1719
 2172
 419
 3536
 3741
 2441
 1196
 309
 4312
 1573
 3856
 569
 870
 1417
 1038
 1902
 3796
 825
 2945
 2927
 181
 729
 1281
 2623
 2112
 3151
 1612
 1626
 987
 1167
ɡ 3645
ɢ 484
ɣ 2516
ɤ 2297
ɥ 1072
ɦ 2365
ɧ 3050
ɨ 1557
ɩ 3627
ɪ 2725
ɫ 935
ɬ 3127
ɭ 2240
ɮ 2910
ɯ 2794
ɰ 4050
ɱ 674
ɲ 2029
ɳ 2200
ɴ 672
ɵ 3309
ɶ 940
ɷ 2757
ɸ 3344
ɹ 2484
ɺ 2203
ɼ 2476
ɽ 283
ɾ 2756
ɿ 2745
 3771
 1916
 1887
 2413
 3377
 815
 3466
 2518
 3038
 225
 402
 1004
 194
 1668
 2962
 3732
 2149
 1941
 2016
 2899
 3817
 4177
 339
 1661
 2869
 1890
 2456
 3227
 1262
 3109
 1539
 3909
 1601
 2129
 3118
 2238
 644
 422
 3815
 921
 3292
 1672
 59
 43
 3619
 3521
 1090
 2759
 549
 4259
 924
 2671
 1715
 1575
 162
 4
 1954
 325
 843
 880
ʡ 700
ʢ 1144
ʣ 1707
ʤ 1531
ʥ 1223
ʦ 240
ʧ 326
ʨ 845
ʩ 744
ʪ 914
ʫ 599
ʬ 2836
ʮ 857
ʯ 282
ʰ 3286
ʱ 165
ʲ 152
ʳ 459
ʴ 1020
ʵ 26
ʶ 507
ʷ 1093
ʸ 2821
ʹ 816
ʻ 619
ʼ 125
ʽ 792
ʾ 1441
ʿ 61
 357
 3651
 79
 3523
 3386
 1927
 1048
 6
 2995
 2926
 1212
 3269
 1955
 1197
 3057
 2231
 379
 3775
 1376
 495
 707
 88
 103
 92
 1062
 1663
 2015
 844
 536
 1065
 2616
 2201
 1899
 3193
 1110
 3185
 268
 1989
 952
 2942
 2383
 11
 3902
 1724
 500
 2310
 1541
 2350
 1904
 3960
 2053
 647
 220
 1214
 961
 1301
 2220
 2882
 2799
 490
ˡ 3773
ˢ 1397
ˣ 1957
ˤ 2571
˥ 2546
˦ 2249
˧ 2082
˨ 3608
˩ 2856
˪ 2314
˫ 1031
ˬ 1232
˭ 156
ˮ 688
˯ 1517
˰ 692
˱ 4211
˲ 3061
˳ 1380
˴ 3484
˵ 3
˶ 2824
˷ 3457
˸ 3042
˹ 2034
˺ 3533
˻ 3195
˼ 432
˽ 527
˾ 396
˿ 1759
 533
 1939
 2902
 2734
 1802
 1638
 40
 1071
 1555
 2711
 2946
 745
 2091
 2877
 1530
 2107
 1873
 3942
 2040
 1598
 506
 1657
 3875
 1605
 3701
 1538
 161
 207
 2151
 4086
 228
 201
 3274
 455
 3085
 2692
 1216
 1958
 3578
 2051
 4176
 3953
 997
 1081
 2755
 2491
 1337
 3914
 2133
 1580
 116
 3001
 106
 372
 24
 1377
̡ 3213
̤ 1272
̥ 2666
̦ 1018
̧ 1258
̨ 1444
̩ 1972
̫ 789
̬ 849
̭ 1412
̮ 2343
̯ 839
̰ 1545
̱ 3427
̲ 853
̳ 2527
̴ 3617
̵ 2667
̶ 3811
̷ 1987
̸ 753
̹ 1475
̺ 2030
̻ 3961
̼ 3083
̽ 1860
̾ 1163
̿ 1863
 1785
 3093
 3650
 946
 3884
 3034
 1944
 1686
 2039
 2811
 2648
 1571
 3152
 1254
 2288
 2230
 4002
 1751
 819
 3612
 1411
 2445
 1172
 1387
 123
 2300
 2136
 1290
 1396
 739
 3146
 4144
 548
 96
 4110
 1631
 301
 1556
 2697
 4233
 3946
 231
 1741
 2619
 172
 1616
 2278
 3917
 3480
 738
 704
 2647
 600
 980
 721
 2543
 1492
 774
 4314
͡ 4055
͢ 2397
ͣ 456
ͤ 629
ͥ 945
ͦ 1284
ͧ 1875
ͨ 570
ͩ 2699
ͪ 2176
ͫ 3682
ͬ 210
ͭ 3106
ͯ 733
Ͱ 3255
ͱ 4220
Ͳ 2028
ͳ 187
ʹ 1194
͵ 1712
Ͷ 177
ͷ 520
͸ 1202
͹ 2620
ͺ 3509
ͻ 967
ͼ 1152
ͽ 1448
; 764
Ϳ 1745
 2853
 90
 2159
 3212
 3456
 446
 1245
 3622
 878
 2076
 971
 2897
 2770
 1500
 594
 941
 2787
 3174
 3076
 2495
 3279
 1703
 2089
 3848
 1333
 3715
 2298
 1942
 867
 1831
 4129
 3801
 72
 2840
 2429
 1824
 1639
 1791
 2099
 2401
 229
 1433
 1917
 2181
 2656
 2583
 1997
 2463
 1106
 2604
 2826
 1848
 539
 1550
 1827
 264
 1143
 252
 868
 1405
 316
Ρ 2079
΢ 977
Σ 724
Τ 3543
Υ 1520
Χ 1418
Ψ 1273
Ω 3018
Ϊ 63
Ϋ 4091
ά 1059
έ 2597
ή 2680
ί 730
ΰ 64
α 1207
β 1264
γ 2269
δ 82
ε 2290
ζ 936
η 1326
θ 2654
ι 3173
κ 1994
λ 69
μ 2578
ν 999
ξ 3765
ο 981
 189
 3435
 746
 3433
 450
 1003
 2442
 3672
 351
 1160
 95
 4103
 3447
 3270
 2985
 4005
 1915
 2966
 31
 1511
 1960
 1089
 2196
 3724
 3579
 671
 1546
 524
 842
 208
 1923
 2385
 2835
 1821
 3826
 1030
 1798
 3502
 1764
 1343
 205
 3633
 3198
 2748
 3595
 481
 1425
 356
 761
 788
 2736
 2618
 1241
 823
 3679
 1471
 335
 3031
 324
ϡ 1691
Ϣ 1113
ϣ 251
Ϥ 1270
ϥ 2865
Ϧ 1501
ϧ 1291
Ϩ 4164
ϩ 1856
Ϫ 1024
ϫ 3687
Ϭ 2768
ϭ 3308
Ϯ 2753
ϯ 2141
ϰ 236
ϱ 2448
ϲ 242
ϴ 2221
ϵ 119
϶ 3111
Ϸ 778
ϸ 1137
Ϲ 3518
Ϻ 3806
ϻ 3704
ϼ 3355
Ͻ 3016
Ͼ 2251
Ͽ 1518
 3589
 902
 107
 3003
 1816
 662
 2296
 3843
 93
 1976
 1779
 2412
 1757
 534
 646
 4108
 951
 2116
 2357
 541
 364
 215
 75
 1086
 2539
 2335
 2624
 3112
 2552
 1118
 889
 399
 3513
 3566
 47
 1186
 3071
 1879
 260
 3063
 1934
 1136
 262
 341
 615
 333
 2522
 1713
 910
 255
 766
 3388
 2121
 3867
 1792
 3432
 2490
 1892
 397
 2554
 2380
С 493
Т 2595
У 974
Ф 2878
Х 3668
Ц 1359
Ч 1141
Ш 3779
Щ 411
Ъ 1252
Ь 939
Э 401
Ю 2054
Я 2573
а 2644
б 2743
в 1427
г 851
д 587
е 1140
ж 2092
з 3820
и 1617
й 2754
к 2101
л 717
м 2202
н 3336
о 3594
п 3696
 1664
 950
 250
 35
 564
 3774
 1578
 2103
 3746
 519
 1551
 793
 1047
 3772
 292
 1636
 1231
 3137
 343
 640
 1027
 1311
 1042
 3366
 2292
 1157
 3073
 660
 898
 1346
 2888
 3263
 1121
 859
 3976
 3624
 636
 1153
 3890
 323
 2224
 715
 2286
 2379
 1640
 1559
 706
 2311
 2954
 2838
 1494
 829
 2839
 2586
 925
 1951
 1512
 2542
ѡ 1050
ѣ 3930
Ѥ 2427
ѥ 2062
Ѧ 2498
ѧ 33
Ѩ 917
ѩ 1303
Ѫ 13
ѫ 3860
Ѭ 3117
ѭ 1704
Ѯ 2920
ѯ 1651
Ѱ 676
Ѳ 1478
ѳ 1971
Ѵ 1874
ѵ 1028
Ѷ 1876
ѷ 3199
Ѹ 1877
ѹ 743
Ѻ 1569
ѻ 3723
Ѽ 2117
ѽ 54
ѿ 3089
 665
 2904
 2521
 1488
 697
 1823
 3530
 3210
 1949
 3966
 631
 3064
 1451
 418
 491
 3132
 1990
 1413
 931
 1583
 2137
 1323
 589
 4014
 1793
 311
 2684
 779
 3394
 2806
 2416
 2458
 1611
 3534
 3524
 1491
 2454
 708
 3626
 1244
 3892
 3836
 2021
 1297
 3745
 3750
 1581
 1324
 1382
 2152
 1459
 2063
 545
 340
 3571
 2090
 2329
 4083
 4078
ҡ 1367
Ң 2724
ң 1577
Ҥ 1586
ҥ 2998
Ҧ 2868
ҧ 1523
ҩ 624
Ҫ 173
ҫ 1870
Ҭ 4099
Ү 1911
ү 2367
Ұ 1135
ұ 2916
Ҳ 51
ҳ 2439
Ҵ 2691
ҵ 80
Ҷ 1967
ҷ 1965
ҹ 2093
Һ 2160
һ 7
Ҽ 4183
ҽ 623
 614
 2243
 2150
 4152
 2584
 1606
 2678
 1913
 4291
 2162
 3247
 693
 3162
 2875
 433
 1787
 838
 538
 544
 2696
 420
 2932
 4241
 1813
 1891
 3320
 1574
 2901
 2075
 3967
 628
 1667
 2602
 67
 89
 1325
 1463
 581
 687
 2085
 385
 2533
 3963
 2574
 3348
 2247
 347
 2603
 602
 2672
 3326
 3293
 1386
 2990
 3358
 2336
 2622
 943
 1730
ӡ 765
Ӣ 1521
ӣ 2792
Ӥ 3172
ӥ 2131
Ӧ 373
ӧ 3739
Ө 3415
Ӫ 696
ӫ 2767
Ӭ 3665
ӭ 211
Ӯ 840
ӯ 1474
Ӱ 46
ӱ 1658
Ӳ 992
ӳ 1499
Ӵ 835
ӵ 261
Ӷ 3973
ӷ 2284
ӹ 1597
ӻ 3759
ӽ 3179
Ӿ 852
ӿ 714
 1184
 510
 83
 1010
 1120
 2275
 749
 1335
 370
 2192
 3689
 812
 394
 796
 4155
 87
 561
 1259
 2751
 3926
 802
 266
 2944
 3150
 2669
 76
 3764
 3049
 1579
 3059
 1371
 2164
 3011
 1758
 2707
 2822
 2267
 1456
 794
 757
 14
 2211
 3079
 2614
 511
 3412
 2570
 1502
 1669
 1423
 810
 3245
 2900
 3244
 1647
 750
 3721
 253
 720
ԡ 2785
Ԣ 2986
ԣ 2796
Ԥ 1408
ԥ 813
Ԧ 1670
ԧ 3891
Ԩ 3406
ԩ 1554
Ԫ 375
ԫ 1978
Ԭ 3281
ԭ 136
Ԯ 1515
ԯ 3683
԰ 791
Ա 620
Բ 1748
Գ 1630
Դ 901
Ե 771
Զ 499
Է 3364
Ը 273
Թ 994
Ժ 824
Ի 2519
Լ 1058
Խ 503
Ծ 601
Կ 4130
 2706
 2752
 1812
 2428
 1753
 3763
 381
 2447
 3646
 2679
 369
 2362
 3045
 2889
 2032
 1415
 2423
 2019
 1041
 391
 1005
 2189
 371
 1933
 334
 115
 882
 1540
 1117
 1162
 2058
 1777
 3298
 530
 1508
 3069
 2553
 2817
 1156
 2222
 3998
 2693
 1147
 584
 2174
 2598
 2565
 625
 393
 800
 2155
 159
 1204
 2049
 190
 2629
 1057
 3007
 2366
 1845
ա 52
բ 2810
դ 3980
ե 3956
զ 1673
է 3147
ը 1682
թ 767
ժ 1623
ի 2515
լ 1169
խ 1771
ծ 2876
կ 3021
հ 1928
ղ 3414
ճ 2165
մ 709
յ 4236
ն 1307
շ 3564
ո 1966
չ 350
ջ 3121
ռ 681
ս 17
վ 1395
տ 2127
 3232
 3936
 1182
 1514
 3017
 318
 834
 2209
 2446
 1234
 3873
 176
 3271
 2919
 1174
 956
 3060
 643
 3220
 1869
 1199
 3587
 3471
 3527
 1844
 2930
 1190
 2431
 3574
 2957
 68
 3265
 91
 2191
 1085
 3981
 658
 2002
 3182
 1481
 3287
 2939
 306
 2097
 1431
 873
 1263
 2777
 1603
 3237
 81
 18
 436
 1926
 656
 431
֢ 2144
֣ 1422
֤ 366
֥ 1977
֦ 2477
֧ 776
֨ 4303
֩ 4003
֪ 38
֫ 2948
֬ 1858
֭ 3653
֮ 297
֯ 991
ְ 337
ֱ 568
ֲ 1633
ֳ 2283
ִ 1316
ֵ 552
ַ 1607
ָ 460
ֹ 1327
ֺ 3370
ֻ 141
ּ 2690
ֽ 585
־ 655
ֿ 1739
 3468
 126
 448
 1536
 1781
 2720
 117
 885
 2020
 3481
 466
 2123
 904
 249
 3531
 451
 1837
 1175
 716
 1230
 171
 2285
 346
 2260
 314
 989
 871
 1894
 1896
 3304
 2563
 3986
 3141
 1054
 2615
 2494
 2761
 866
 1895
 2486
 2409
 2455
 1242
 3725
 1410
 586
 2372
 1681
 2621
 928
 66
 1450
 638
 315
 4141
 2771
 1720
 598
ס 487
ע 582
ף 2023
פ 1125
ץ 424
צ 664
ק 4260
ר 389
ש 2709
ת 1129
׫ 2074
׬ 179
׭ 3030
׮ 1919
ׯ 1885
װ 627
ױ 3041
ײ 1078
׳ 1158
״ 1239
׵ 3229
׶ 2550
׷ 1102
׹ 3238
׺ 1608
׻ 3958
׼ 330
׽ 1680
׾ 2530
׿ 2308
 1228
 2613
 3376
 4200
 1023
 150
 1180
 865
 2545
 1850
 232
 1722
 213
 3630
 3783
 2863
 2377
 3812
 4204
 108
 416
 4059
 562
 2313
 2924
 1996
 1344
 299
 2848
 2885
 415
 2014
 454
 367
 3341
 94
 583
 1618
 990
 1464
 3299
 1132
 2228
 327
 2070
 540
 1105
 2510
 458
 2045
 2940
 143
 157
 1288
 1299
أ 2507
ب 3430
ج 2639
خ 3322
ذ 4118
ز 3241
ص 2628
ط 3878
ع 2617
ؽ 3332
 4239
 4063
 2273
 2814
 2625
 4132
 2502
 2688
 4268
 4210
 3940
 1678
 3857
 3778
٩ 3102
٪ 3373
ٮ 3631
ٯ 3684
ٱ 3896
ٲ 4102
ٸ 2346
ٹ 2536
ٻ 3418
ټ 1587
ٿ 4216
 4026
 3395
 2433
 3239
 4027
 2061
 3258
 4245
 4174
 4246
 3881
 4184
 3385
 4076
 4262
 3989
ڣ 4022
ڤ 2391
ک 2258
ڬ 4051
ڭ 3300
ڮ 4203
گ 3044
ڹ 3413
ڻ 1595
 2682
 2686
 4053
 3256
 3450
 4054
 2483
 4219
 2977
 3209
 4094
 4276
 4114
ۡ 3789
ۢ 4162
۳ 4166
۶ 3449
۹ 3863
ۻ 3708
 3952
 4243
 3872
 2497
 3129
 4157
 1871
 3535
 3972
 3859
 4173
 3702
 4039
 4064
ܰ 2587
ܲ 3465
ܸ 4031
ܼ 3047
ܽ 3879
ܿ 3660
 3734
 1880
 2971
 3353
 3249
 3991
 3400
 4065
 3740
 2064
 1985
ݤ 3737
ݫ 3735
ݬ 2970
ݮ 1452
ݯ 3257
ݱ 3655
ݶ 4147
ݷ 2004
ݸ 3411
ݼ 3663
 2606
 1986
 2823
 2422
 4217
 2000
 2479
 3762
ޡ 3357
ި 4218
ޱ 3459
޹ 3831
޺ 4004
 3570
 2499
 4138
 4195
 3727
 4192
 4191
 3832
 2866
 4297
 1589
 3713
 1697
 3062
ߦ 2434
߬ 3800
߮ 2492
߯ 1257
߰ 2175
߳ 3828
ߵ 2187
߶ 2955
ߺ 3134
 4097
 4181
 3359
 2110
 1693
 3343
 3829
 3846
 1743
 4302
 3889
 3200
 4284
 1969
 3164
 3486
 4215
 3849
 1710
 1744
 1660
 3841
 2347
 3145
 4235
 2109
 1393
 3845
 3294
 863
 3197
 3847
 1711
 3306
 4015
 3307
 4286
 3104
 3248
 4061
 3125
 2482
 2988
 3677
 3446
 3861
 2845
 2526
 3862
 3748
 3747
 3107
 2993
 4049
 4190
 3445
 3938
 1217
 1548
 3553
 3756
 3552
 1218
 2829
 3965
 3705
 911
 3604
 4010
 3833
 4298
 3871
 3074
 4197
 4071
 2881
 1226
 4263
 2852
 3451
 2906
 3169
 1653
 3329
 3983
 2282
 2703
 3915
 4012
 4188
 3160
 4229
 3483
 3482
 3110
 3103
 4156
 4093
 4277
 3443
 1995
 4234
 4154
 2797
 3931
 3644
 2576
 2846
 3797
 3469
 3982
 1015
 1822
 4309
 4038
 4120
 4048
 3461
 4111
 3749
 3897
 3870
 4081
 3190
 3656
 3565
 3346
 4150
 4066
 4109
 4308
 3335
 1013
 4080
 3643
 3790
 1945
 4139
 3997
 3051
 4079
 4281
 4201
 2279
 1914
 3403
 3726
 2500
 3814
 4040
 3313
 4087
 2274
 2216
 3591
 4116
 2800
 3901
 4163
 3382
 3994
 4098
 4283
 3894
 1576
 3993
 2834
 3551
 3970
 3785
 3777
 3893
 3680
 3423
 2036
 3426
 3520
 3900
 3755
 1650
 3964
 3390
 4205
 3464
 1649
 4206
 3441
 3485
 2524
 4168
 4100
 4036
 3639
 3178
 4294
 3540
 3416
 3766
 3999
 2287
 3424
 3906
 3714
 3808
 4299
 3015
 3542
 4047
 3417
 3067
 3968
 4136
 4222
 1355
 3228
 4153
 4008
 2764
 4013
 2908
 2749
 4117
 4007
 3177
 2798
 3379
 2006
 1643
 3381
 3421
 3438
 4221
 3404
 3186
 2914
 4037
 4279
 3791
 3420
 3444
 2158
 4305
 3392
 3784
 2432
 3393
 3378
 3453
 2843
 3731
 2478
 2802
 3599
 3767
 2803
 4135
 4140
 3214
 3885
 3730
 3607
 4198
 2473
 4242
 4271
 4199
 4250
 4264
 4237
F 2410
 4273
 4159
 3410
 2263
 3691
 4096
 4023
 4113
 4238
 2474
 3425
 3487
 3934
 3610
 2420
 2262
 4060
 3937
 2485
 3803
 3180
 2994
 4175
 3567
 3922
 2303
 3590
 2762
 2067
 2996
 2302
 3475
 3470
 4296
 3629
 4033
 3211
 1804
 3407
 3950
 4041
 2114
 3874
 3315
 3168
 4112
 1100
 3458
 1632
 3600
 2600
 2601
 2579
 3707
 2462
 442
 4265
 3189
 3681
 2122
 4126
 3225
 3928
 3479
 3507
 3804
 441
 3918
 822
 3649
 3365
 3352
 2649
 4105
 4104
 4285
 3380
 3835
 3196
 3351
 3442
 3744
 2719
 3317
 2631
 3554
 2668
 3268
 4046
 3916
 3949
 3948
 4187
 2676
 2907
 3947
 3504
 2731
 2657
 4016
 3864
 4119
 3844
 3184
 3167
 4272
 1872
 2184
 3577
 3945
 3853
 3813
 3760
 3019
 4185
 3788
 4145
 4035
 3396
 2551
 3505
 3690
 3478
 4034
 3786
 3720
 3605
 3642
 2782
 2735
 2784
 3927
 3719
 3454
 2295
 3616
 2714
 3662
 3302
 2718
 4158
 4075
 2859
 3807
 4278
 2468
 2472
 3895
 2469
 3058
 2963
 2471
 4001
 2653
 4226
 3699
 2664
 4146
 3284
 2012
 2663
 4151
 4077
 1552
 2547
 3995
 1191
 2065
 3932
 529
 3866
 2893
 3474
 2895
 3323
 3664
 4057
 3821
 4225
 4207
 4124
 4056
 3757
 3674
 3671
 3131
 3053
 3052
 4182
 4189
 3921
 3493
 2066
 4092
 3743
 3943
 3858
 4045
 3903
 4288
 1350
 3869
 3913
 3782
 3792
 3920
 3996
 3043
 3904
 3905
 3770
 4289
 3573
 2596
 4313
 2987
 3933
 3119
 3751
 3568
 4101
 2227
 2226
 4142
 3823
 4228
 3369
 3754
 3545
 3500
 2394
 2568
 4227
 4020
 3234
 2758
 2892
 3882
 3494
 4122
 2943
 3883
 3314
 2562
 3851
 3899
 4301
 4280
 3588
 4231
 4127
 3497
 1756
 3675
 4244
 2721
 1988
 3539
 3822
 4270
 4123
 4095
 3693
 2790
 2789
 2517
 3992
 3686
 4255
 4052
 3709
 2947
 3175
 4230
 2418
 4252
 4251
 3026
 4274
 2272
 3387
 4043
 3729
 2509
 3035
 3452
 3837
